2's complement for 5 bit values
BITS                  HEX
00000       0    0     00 
00001       1    1     01 
00010       2    2     02 
00011       3    3     03 
00100       4    4     04 
00101       5    5     05 
00110       6    6     06 
00111       7    7     07 
01000       8    8     08 
01001       9    9     09 
01010      10   10     0A 
01011      11   11     0B 
01100      12   12     0C 
01101      13   13     0D 
01110      14   14     0E 
01111      15   15     0F 
10000     -16   16     10 
10001     -15   17     11 
10010     -14   18     12 
10011     -13   19     13 
10100     -12   20     14 
10101     -11   21     15 
10110     -10   22     16 
10111      -9   23     17 
11000      -8   24     18 
11001      -7   25     19 
11010      -6   26     1A 
11011      -5   27     1B 
11100      -4   28     1C 
11101      -3   29     1D 
11110      -2   30     1E 
11111      -1   31     1F 


XZ XZ AB CD RT RT RT RT ...

[CD AB 00 00 00 00 00 00]
[00 00 00 00 00 00 AB CD]

C3
11000011


